3	bed_0/HG00122.bed.gz	3	173522849	173522939	3	173524168	173524318	paired
3	bed_0/HG00122.bed.gz	3	173522873	173522939	3	173524105	173524255	paired
3	bed_0/HG00122.bed.gz	3	173522881	173522939	3	173524242	173524392	paired
17	bed_0/HG00252.bed.gz	3	173522743	173522893	3	173524099	173524249	paired
17	bed_0/HG00252.bed.gz	3	173522749	173522899	3	173524136	173524286	paired
17	bed_0/HG00252.bed.gz	3	173522779	173522929	3	173524172	173524322	paired
17	bed_0/HG00252.bed.gz	3	173522790	173522940	3	173524180	173524330	paired
17	bed_0/HG00252.bed.gz	3	173522849	173522939	3	173524115	173524265	paired
17	bed_0/HG00252.bed.gz	3	173522867	173522939	3	173524381	173524531	paired
17	bed_0/HG00252.bed.gz	3	173522869	173522939	3	173524253	173524403	paired
17	bed_0/HG00252.bed.gz	3	173522873	173522939	3	173524095	173524245	paired
17	bed_0/HG00252.bed.gz	3	173522874	173522939	3	173524283	173524433	paired
17	bed_0/HG00252.bed.gz	3	173522878	173522939	3	173524178	173524328	paired
17	bed_0/HG00252.bed.gz	3	173522883	173522939	3	173524126	173524276	paired
17	bed_0/HG00252.bed.gz	3	173522883	173522939	3	173524142	173524292	paired
17	bed_0/HG00252.bed.gz	3	173522888	173522939	3	173524237	173524387	paired
31	bed_0/HG00267.bed.gz	3	173522705	173522855	3	173524093	173524240	paired
31	bed_0/HG00267.bed.gz	3	173522725	173522875	3	173524093	173524239	paired
31	bed_0/HG00267.bed.gz	3	173522761	173522911	3	173524169	173524319	paired
31	bed_0/HG00267.bed.gz	3	173522844	173522939	3	173524107	173524257	paired
31	bed_0/HG00267.bed.gz	3	173522862	173522939	3	173524152	173524302	paired
31	bed_0/HG00267.bed.gz	3	173522897	173522939	3	173524102	173524252	paired
46	bed_0/HG00321.bed.gz	3	173522699	173522849	3	173524140	173524290	paired
46	bed_0/HG00321.bed.gz	3	173522762	173522912	3	173524139	173524289	paired
46	bed_0/HG00321.bed.gz	3	173522790	173522940	3	173524195	173524345	paired
46	bed_0/HG00321.bed.gz	3	173522802	173522939	3	173524096	173524246	paired
46	bed_0/HG00321.bed.gz	3	173522811	173522939	3	173524211	173524361	paired
46	bed_0/HG00321.bed.gz	3	173522827	173522939	3	173524185	173524335	paired
46	bed_0/HG00321.bed.gz	3	173522863	173522939	3	173524282	173524432	paired
46	bed_0/HG00321.bed.gz	3	173522865	173522939	3	173524117	173524267	paired
46	bed_0/HG00321.bed.gz	3	173522866	173522939	3	173524379	173524529	paired
46	bed_0/HG00321.bed.gz	3	173522869	173522939	3	173524097	173524247	paired
46	bed_0/HG00321.bed.gz	3	173522870	173522939	3	173524256	173524406	paired
46	bed_0/HG00321.bed.gz	3	173522872	173522939	3	173524184	173524334	paired
46	bed_0/HG00321.bed.gz	3	173522875	173522939	3	173524154	173524304	paired
46	bed_0/HG00321.bed.gz	3	173522882	173522939	3	173524239	173524389	paired
46	bed_0/HG00321.bed.gz	3	173522888	173522939	3	173524166	173524316	paired
46	bed_0/HG00321.bed.gz	3	173522891	173522939	3	173524204	173524354	paired
46	bed_0/HG00321.bed.gz	3	173522892	173522939	3	173524508	173524658	paired
49	bed_0/HG00328.bed.gz	3	173522761	173522911	3	173524142	173524292	paired
49	bed_0/HG00328.bed.gz	3	173522837	173522938	3	173524177	173524327	paired
49	bed_0/HG00328.bed.gz	3	173522848	173522939	3	173524099	173524249	paired
50	bed_0/HG00335.bed.gz	3	173522743	173522893	3	173524148	173524298	paired
50	bed_0/HG00335.bed.gz	3	173522758	173522908	3	173524101	173524251	paired
50	bed_0/HG00335.bed.gz	3	173522823	173522939	3	173524199	173524349	paired
50	bed_0/HG00335.bed.gz	3	173522856	173522939	3	173524145	173524295	paired
50	bed_0/HG00335.bed.gz	3	173522893	173522933	3	173524115	173524257	paired
78	bed_0/HG00372.bed.gz	3	173522743	173522893	3	173524116	173524266	paired
78	bed_0/HG00372.bed.gz	3	173522780	173522930	3	173524092	173524242	paired
78	bed_0/HG00372.bed.gz	3	173522801	173522939	3	173524093	173524241	paired
78	bed_0/HG00372.bed.gz	3	173522818	173522939	3	173524172	173524322	paired
78	bed_0/HG00372.bed.gz	3	173522829	173522939	3	173524158	173524308	paired
78	bed_0/HG00372.bed.gz	3	173522889	173522939	3	173524462	173524612	paired
78	bed_0/HG00372.bed.gz	3	173522891	173522939	3	173524135	173524285	paired
78	bed_0/HG00372.bed.gz	3	173522899	173522939	3	173524179	173524329	paired
161	bed_0/NA18908.bed.gz	3	173522336	173522486	3	173524120	173524270	paired
161	bed_0/NA18908.bed.gz	3	173522385	173522535	3	173524219	173524369	paired
161	bed_0/NA18908.bed.gz	3	173522453	173522603	3	173524254	173524404	paired
161	bed_0/NA18908.bed.gz	3	173522486	173522635	3	173524426	173524576	paired
161	bed_0/NA18908.bed.gz	3	173522519	173522668	3	173524234	173524384	paired
161	bed_0/NA18908.bed.gz	3	173522538	173522687	3	173524292	173524442	paired
161	bed_0/NA18908.bed.gz	3	173522551	173522700	3	173524408	173524558	paired
161	bed_0/NA18908.bed.gz	3	173522568	173522717	3	173524258	173524408	paired
248	bed_0/NA19755.bed.gz	3	173522778	173522928	3	173524278	173524428	paired
249	bed_0/NA19756.bed.gz	3	173522851	173522939	3	173524154	173524304	paired
254	bed_0/NA20753.bed.gz	3	173522734	173522884	3	173524093	173524238	paired
254	bed_0/NA20753.bed.gz	3	173522777	173522927	3	173524179	173524329	paired
254	bed_0/NA20753.bed.gz	3	173522837	173522939	3	173524163	173524313	paired
254	bed_0/NA20753.bed.gz	3	173522867	173522939	3	173524232	173524382	paired
258	bed_0/NA20757.bed.gz	3	173522646	173522733	3	173524139	173524252	paired
258	bed_0/NA20757.bed.gz	3	173522662	173522721	3	173524154	173524304	paired
258	bed_0/NA20757.bed.gz	3	173522795	173522943	3	173524159	173524309	paired
258	bed_0/NA20757.bed.gz	3	173522864	173522939	3	173524118	173524268	paired
258	bed_0/NA20757.bed.gz	3	173522890	173522939	3	173524274	173524424	paired
267	bed_0/NA20766.bed.gz	3	173522672	173522749	3	173524108	173524258	paired
267	bed_0/NA20766.bed.gz	3	173522750	173522900	3	173524127	173524277	paired
267	bed_0/NA20766.bed.gz	3	173522766	173522916	3	173524180	173524330	paired
267	bed_0/NA20766.bed.gz	3	173522777	173522927	3	173524093	173524240	paired
267	bed_0/NA20766.bed.gz	3	173522847	173522939	3	173524384	173524534	paired
267	bed_0/NA20766.bed.gz	3	173522855	173522939	3	173524214	173524364	paired
267	bed_0/NA20766.bed.gz	3	173522859	173522939	3	173524311	173524461	paired
267	bed_0/NA20766.bed.gz	3	173522860	173522939	3	173524172	173524322	paired
267	bed_0/NA20766.bed.gz	3	173522863	173522939	3	173524166	173524316	paired
267	bed_0/NA20766.bed.gz	3	173522879	173522939	3	173524272	173524422	paired
272	bed_0/NA20771.bed.gz	3	173522702	173522852	3	173524094	173524244	paired
272	bed_0/NA20771.bed.gz	3	173522762	173522912	3	173524166	173524316	paired
272	bed_0/NA20771.bed.gz	3	173522776	173522926	3	173524127	173524277	paired
272	bed_0/NA20771.bed.gz	3	173522819	173522939	3	173524133	173524283	paired
272	bed_0/NA20771.bed.gz	3	173522841	173522939	3	173524355	173524505	paired
272	bed_0/NA20771.bed.gz	3	173522848	173522939	3	173524122	173524272	paired
272	bed_0/NA20771.bed.gz	3	173522887	173522939	3	173524106	173524256	paired
272	bed_0/NA20771.bed.gz	3	173522898	173522939	3	173524205	173524355	paired
283	bed_0/NA20792.bed.gz	3	173522771	173522921	3	173524101	173524251	paired
283	bed_0/NA20792.bed.gz	3	173522783	173522933	3	173524103	173524253	paired
283	bed_0/NA20792.bed.gz	3	173522795	173522943	3	173524093	173524241	paired
283	bed_0/NA20792.bed.gz	3	173522795	173522943	3	173524219	173524369	paired
283	bed_0/NA20792.bed.gz	3	173522817	173522939	3	173524098	173524248	paired
283	bed_0/NA20792.bed.gz	3	173522888	173522939	3	173524128	173524278	paired
283	bed_0/NA20792.bed.gz	3	173522895	173522939	3	173524145	173524295	paired
283	bed_0/NA20792.bed.gz	3	173522901	173522939	3	173524149	173524299	paired
295	bed_0/NA20806.bed.gz	3	173522744	173522894	3	173524129	173524279	paired
295	bed_0/NA20806.bed.gz	3	173522770	173522920	3	173524225	173524375	paired
295	bed_0/NA20806.bed.gz	3	173522830	173522939	3	173524258	173524408	paired
302	bed_0/NA20813.bed.gz	3	173522826	173522939	3	173524143	173524293	paired
302	bed_0/NA20813.bed.gz	3	173522857	173522939	3	173524208	173524358	paired
302	bed_0/NA20813.bed.gz	3	173522870	173522939	3	173524106	173524256	paired
302	bed_0/NA20813.bed.gz	3	173522871	173522939	3	173524148	173524298	paired
302	bed_0/NA20813.bed.gz	3	173522873	173522939	3	173524146	173524296	paired
302	bed_0/NA20813.bed.gz	3	173522888	173522938	3	173524121	173524271	paired
308	bed_0/NA20822.bed.gz	3	173522764	173522914	3	173524202	173524352	paired
308	bed_0/NA20822.bed.gz	3	173522779	173522929	3	173524294	173524444	paired
308	bed_0/NA20822.bed.gz	3	173522784	173522934	3	173524151	173524301	paired
308	bed_0/NA20822.bed.gz	3	173522829	173522939	3	173524093	173524243	paired
308	bed_0/NA20822.bed.gz	3	173522839	173522939	3	173524093	173524240	paired
308	bed_0/NA20822.bed.gz	3	173522839	173522939	3	173524173	173524294	paired
308	bed_0/NA20822.bed.gz	3	173522871	173522939	3	173524167	173524317	paired
2	bed_1/NA06994.bed.gz	3	173522870	173522939	3	173524124	173524274	paired
2	bed_1/NA06994.bed.gz	3	173522871	173522939	3	173524125	173524275	paired
2	bed_1/NA06994.bed.gz	3	173522878	173522939	3	173524101	173524251	paired
22	bed_1/NA11932.bed.gz	3	173522722	173522872	3	173524257	173524407	paired
22	bed_1/NA11932.bed.gz	3	173522723	173522873	3	173524144	173524294	paired
22	bed_1/NA11932.bed.gz	3	173522739	173522889	3	173524093	173524239	paired
22	bed_1/NA11932.bed.gz	3	173522782	173522932	3	173524167	173524317	paired
22	bed_1/NA11932.bed.gz	3	173522825	173522939	3	173524253	173524403	paired
22	bed_1/NA11932.bed.gz	3	173522835	173522939	3	173524172	173524316	paired
22	bed_1/NA11932.bed.gz	3	173522839	173522939	3	173524223	173524373	paired
22	bed_1/NA11932.bed.gz	3	173522845	173522939	3	173524172	173524311	paired
22	bed_1/NA11932.bed.gz	3	173522876	173522939	3	173524230	173524380	paired
29	bed_1/NA12005.bed.gz	3	173522685	173522792	3	173524178	173524281	paired
29	bed_1/NA12005.bed.gz	3	173522745	173522895	3	173524099	173524249	paired
29	bed_1/NA12005.bed.gz	3	173522779	173522929	3	173524250	173524400	paired
29	bed_1/NA12005.bed.gz	3	173522789	173522939	3	173524171	173524321	paired
29	bed_1/NA12005.bed.gz	3	173522814	173522939	3	173524103	173524253	paired
29	bed_1/NA12005.bed.gz	3	173522815	173522939	3	173524166	173524316	paired
29	bed_1/NA12005.bed.gz	3	173522861	173522934	3	173524164	173524314	paired
35	bed_1/NA12144.bed.gz	3	173522764	173522914	3	173524140	173524290	paired
35	bed_1/NA12144.bed.gz	3	173522777	173522927	3	173524114	173524264	paired
35	bed_1/NA12144.bed.gz	3	173522812	173522938	3	173524093	173524240	paired
35	bed_1/NA12144.bed.gz	3	173522824	173522939	3	173524245	173524395	paired
35	bed_1/NA12144.bed.gz	3	173522867	173522937	3	173524207	173524357	paired
35	bed_1/NA12144.bed.gz	3	173522878	173522939	3	173524277	173524427	paired
35	bed_1/NA12144.bed.gz	3	173522879	173522939	3	173524164	173524314	paired
35	bed_1/NA12144.bed.gz	3	173522882	173522935	3	173524096	173524246	paired
35	bed_1/NA12144.bed.gz	3	173522891	173522939	3	173524324	173524474	paired
57	bed_1/NA12815.bed.gz	3	173522736	173522886	3	173524135	173524285	paired
57	bed_1/NA12815.bed.gz	3	173522771	173522921	3	173524134	173524284	paired
57	bed_1/NA12815.bed.gz	3	173522805	173522939	3	173524111	173524261	paired
57	bed_1/NA12815.bed.gz	3	173522830	173522939	3	173524094	173524244	paired
110	bed_1/NA18574.bed.gz	3	173522762	173522912	3	173524153	173524303	paired
110	bed_1/NA18574.bed.gz	3	173522818	173522935	3	173524244	173524394	paired
110	bed_1/NA18574.bed.gz	3	173522891	173522939	3	173524237	173524387	paired
248	bed_1/NA20317.bed.gz	3	173522705	173522855	3	173524226	173524376	paired
248	bed_1/NA20317.bed.gz	3	173522719	173522869	3	173524104	173524254	paired
248	bed_1/NA20317.bed.gz	3	173522776	173522926	3	173524227	173524377	paired
248	bed_1/NA20317.bed.gz	3	173522778	173522928	3	173524161	173524311	paired
248	bed_1/NA20317.bed.gz	3	173522799	173522939	3	173524121	173524271	paired
248	bed_1/NA20317.bed.gz	3	173522820	173522939	3	173524323	173524473	paired
248	bed_1/NA20317.bed.gz	3	173522855	173522939	3	173524104	173524254	paired
248	bed_1/NA20317.bed.gz	3	173522862	173522939	3	173524155	173524305	paired
248	bed_1/NA20317.bed.gz	3	173522893	173522939	3	173524181	173524331	paired
248	bed_1/NA20317.bed.gz	3	173522899	173522939	3	173524296	173524446	paired
264	bed_1/NA20852.bed.gz	3	173522813	173522939	3	173524169	173524319	paired
264	bed_1/NA20852.bed.gz	3	173522864	173522939	3	173524146	173524296	paired
292	bed_1/NA20894.bed.gz	3	173522737	173522887	3	173524327	173524477	paired
292	bed_1/NA20894.bed.gz	3	173522751	173522901	3	173524284	173524434	paired
292	bed_1/NA20894.bed.gz	3	173522823	173522939	3	173524114	173524264	paired
292	bed_1/NA20894.bed.gz	3	173522849	173522939	3	173524097	173524247	paired
292	bed_1/NA20894.bed.gz	3	173522860	173522939	3	173524093	173524241	paired
300	bed_1/NA20903.bed.gz	3	173522757	173522907	3	173524118	173524268	paired
300	bed_1/NA20903.bed.gz	3	173522826	173522939	3	173524121	173524271	paired
300	bed_1/NA20903.bed.gz	3	173522844	173522939	3	173524238	173524388	paired
300	bed_1/NA20903.bed.gz	3	173522853	173522939	3	173524169	173524319	paired
300	bed_1/NA20903.bed.gz	3	173522894	173522939	3	173524326	173524476	paired
300	bed_1/NA20903.bed.gz	3	173522895	173522939	3	173524105	173524255	paired
5	bed_2/HG00102.bed.gz	3	173522744	173522894	3	173524130	173524280	paired
5	bed_2/HG00102.bed.gz	3	173522761	173522911	3	173524098	173524248	paired
5	bed_2/HG00102.bed.gz	3	173522840	173522939	3	173524190	173524340	paired
5	bed_2/HG00102.bed.gz	3	173522842	173522939	3	173524219	173524369	paired
5	bed_2/HG00102.bed.gz	3	173522861	173522939	3	173524346	173524496	paired
5	bed_2/HG00102.bed.gz	3	173522862	173522939	3	173524295	173524445	paired
5	bed_2/HG00102.bed.gz	3	173522866	173522939	3	173524197	173524347	paired
5	bed_2/HG00102.bed.gz	3	173522888	173522939	3	173524112	173524262	paired
6	bed_2/HG00103.bed.gz	3	173522759	173522909	3	173524209	173524359	paired
6	bed_2/HG00103.bed.gz	3	173522762	173522912	3	173524214	173524364	paired
6	bed_2/HG00103.bed.gz	3	173522879	173522939	3	173524094	173524244	paired
6	bed_2/HG00103.bed.gz	3	173522885	173522939	3	173524234	173524384	paired
6	bed_2/HG00103.bed.gz	3	173522898	173522939	3	173524149	173524299	paired
12	bed_2/HG00110.bed.gz	3	173522816	173522939	3	173524290	173524440	paired
12	bed_2/HG00110.bed.gz	3	173522826	173522939	3	173524307	173524457	paired
12	bed_2/HG00110.bed.gz	3	173522837	173522939	3	173524177	173524327	paired
12	bed_2/HG00110.bed.gz	3	173522878	173522939	3	173524264	173524414	paired
12	bed_2/HG00110.bed.gz	3	173522884	173522939	3	173524153	173524303	paired
39	bed_2/HG00149.bed.gz	3	173522763	173522913	3	173524097	173524247	paired
39	bed_2/HG00149.bed.gz	3	173522838	173522939	3	173524115	173524265	paired
246	bed_2/NA20508.bed.gz	3	173522795	173522944	3	173524237	173524387	paired
246	bed_2/NA20508.bed.gz	3	173522838	173522939	3	173524164	173524314	paired
246	bed_2/NA20508.bed.gz	3	173522844	173522939	3	173524197	173524347	paired
253	bed_2/NA20515.bed.gz	3	173522732	173522882	3	173524132	173524282	paired
253	bed_2/NA20515.bed.gz	3	173522767	173522917	3	173524150	173524300	paired
253	bed_2/NA20515.bed.gz	3	173522795	173522943	3	173524108	173524258	paired
253	bed_2/NA20515.bed.gz	3	173522825	173522939	3	173524095	173524245	paired
253	bed_2/NA20515.bed.gz	3	173522871	173522939	3	173524106	173524256	paired
253	bed_2/NA20515.bed.gz	3	173522890	173522939	3	173524111	173524261	paired
260	bed_2/NA20522.bed.gz	3	173522770	173522920	3	173524217	173524367	paired
260	bed_2/NA20522.bed.gz	3	173522782	173522932	3	173524146	173524296	paired
260	bed_2/NA20522.bed.gz	3	173522887	173522939	3	173524206	173524356	paired
260	bed_2/NA20522.bed.gz	3	173522893	173522939	3	173524211	173524361	paired
272	bed_2/NA21095.bed.gz	3	173522762	173522912	3	173524132	173524282	paired
272	bed_2/NA21095.bed.gz	3	173522857	173522934	3	173524129	173524279	paired
272	bed_2/NA21095.bed.gz	3	173522873	173522930	3	173524158	173524308	paired
272	bed_2/NA21095.bed.gz	3	173522887	173522939	3	173524267	173524417	paired
275	bed_2/NA21099.bed.gz	3	173522786	173522936	3	173524148	173524298	paired
275	bed_2/NA21099.bed.gz	3	173522819	173522939	3	173524143	173524293	paired
275	bed_2/NA21099.bed.gz	3	173522836	173522939	3	173524147	173524297	paired
275	bed_2/NA21099.bed.gz	3	173522872	173522939	3	173524124	173524274	paired
280	bed_2/NA21104.bed.gz	3	173522715	173522865	3	173524254	173524404	paired
280	bed_2/NA21104.bed.gz	3	173522791	173522941	3	173524118	173524268	paired
280	bed_2/NA21104.bed.gz	3	173522874	173522939	3	173524121	173524271	paired
280	bed_2/NA21104.bed.gz	3	173522889	173522939	3	173524195	173524345	paired
300	bed_2/NA21125.bed.gz	3	173522750	173522900	3	173524117	173524267	paired
300	bed_2/NA21125.bed.gz	3	173522830	173522939	3	173524096	173524246	paired
300	bed_2/NA21125.bed.gz	3	173522837	173522939	3	173524221	173524371	paired
300	bed_2/NA21125.bed.gz	3	173522867	173522939	3	173524099	173524249	paired
15	bed_3/HG00233.bed.gz	3	173522635	173522732	3	173524128	173524245	paired
15	bed_3/HG00233.bed.gz	3	173522742	173522892	3	173524207	173524357	paired
15	bed_3/HG00233.bed.gz	3	173522747	173522897	3	173524111	173524261	paired
15	bed_3/HG00233.bed.gz	3	173522758	173522908	3	173524134	173524284	paired
15	bed_3/HG00233.bed.gz	3	173522761	173522911	3	173524148	173524298	paired
15	bed_3/HG00233.bed.gz	3	173522761	173522911	3	173524162	173524312	paired
15	bed_3/HG00233.bed.gz	3	173522762	173522912	3	173524165	173524315	paired
15	bed_3/HG00233.bed.gz	3	173522809	173522939	3	173524092	173524242	paired
15	bed_3/HG00233.bed.gz	3	173522876	173522939	3	173524271	173524421	paired
46	bed_3/HG01257.bed.gz	3	173522671	173522821	3	173524139	173524289	paired
46	bed_3/HG01257.bed.gz	3	173522753	173522903	3	173524117	173524267	paired
46	bed_3/HG01257.bed.gz	3	173522829	173522939	3	173524110	173524260	paired
46	bed_3/HG01257.bed.gz	3	173522860	173522939	3	173524410	173524560	paired
46	bed_3/HG01257.bed.gz	3	173522895	173522937	3	173524136	173524286	paired
46	bed_3/HG01257.bed.gz	3	173522896	173522939	3	173524182	173524332	paired
64	bed_3/HG01357.bed.gz	3	173522737	173522887	3	173524169	173524319	paired
64	bed_3/HG01357.bed.gz	3	173522782	173522932	3	173524093	173524241	paired
64	bed_3/HG01357.bed.gz	3	173522801	173522939	3	173524149	173524299	paired
64	bed_3/HG01357.bed.gz	3	173522811	173522933	3	173524139	173524289	paired
64	bed_3/HG01357.bed.gz	3	173522836	173522939	3	173524268	173524418	paired
64	bed_3/HG01357.bed.gz	3	173522848	173522939	3	173524093	173524239	paired
64	bed_3/HG01357.bed.gz	3	173522872	173522939	3	173524161	173524311	paired
64	bed_3/HG01357.bed.gz	3	173522899	173522939	3	173524228	173524378	paired
215	bed_3/HG03548.bed.gz	3	173522330	173522480	3	173524117	173524267	paired
215	bed_3/HG03548.bed.gz	3	173522355	173522505	3	173524111	173524261	paired
215	bed_3/HG03548.bed.gz	3	173522366	173522516	3	173524119	173524269	paired
215	bed_3/HG03548.bed.gz	3	173522420	173522570	3	173524178	173524306	paired
215	bed_3/HG03548.bed.gz	3	173522469	173522618	3	173524338	173524488	paired
215	bed_3/HG03548.bed.gz	3	173522472	173522621	3	173524192	173524342	paired
215	bed_3/HG03548.bed.gz	3	173522496	173522645	3	173524178	173524318	paired
215	bed_3/HG03548.bed.gz	3	173522497	173522646	3	173524340	173524490	paired
215	bed_3/HG03548.bed.gz	3	173522502	173522651	3	173524296	173524446	paired
215	bed_3/HG03548.bed.gz	3	173522504	173522653	3	173524217	173524367	paired
215	bed_3/HG03548.bed.gz	3	173522524	173522673	3	173524594	173524744	paired
215	bed_3/HG03548.bed.gz	3	173522555	173522704	3	173524311	173524461	paired
215	bed_3/HG03548.bed.gz	3	173522560	173522709	3	173524220	173524370	paired
215	bed_3/HG03548.bed.gz	3	173522590	173522721	3	173524189	173524339	paired
298	bed_3/NA20536.bed.gz	3	173522790	173522940	3	173524109	173524259	paired
308	bed_3/NA20585.bed.gz	3	173522683	173522733	3	173524093	173524233	paired
308	bed_3/NA20585.bed.gz	3	173522730	173522880	3	173524221	173524371	paired
308	bed_3/NA20585.bed.gz	3	173522765	173522915	3	173524095	173524245	paired
308	bed_3/NA20585.bed.gz	3	173522824	173522939	3	173524110	173524260	paired
308	bed_3/NA20585.bed.gz	3	173522864	173522939	3	173524146	173524296	paired
308	bed_3/NA20585.bed.gz	3	173522884	173522939	3	173524207	173524357	paired
308	bed_3/NA20585.bed.gz	3	173522888	173522939	3	173524157	173524307	paired
308	bed_3/NA20585.bed.gz	3	173522888	173522939	3	173524255	173524405	paired
308	bed_3/NA20585.bed.gz	3	173522893	173522939	3	173524155	173524305	paired
0	bed_4/HG01455.bed.gz	3	173522757	173522907	3	173524118	173524268	paired
0	bed_4/HG01455.bed.gz	3	173522835	173522939	3	173524157	173524307	paired
0	bed_4/HG01455.bed.gz	3	173522854	173522939	3	173524351	173524501	paired
0	bed_4/HG01455.bed.gz	3	173522867	173522939	3	173524352	173524502	paired
55	bed_4/HG01615.bed.gz	3	173522671	173522821	3	173524131	173524281	paired
55	bed_4/HG01615.bed.gz	3	173522673	173522823	3	173524152	173524302	paired
55	bed_4/HG01615.bed.gz	3	173522698	173522848	3	173524152	173524302	paired
55	bed_4/HG01615.bed.gz	3	173522713	173522863	3	173524137	173524287	paired
55	bed_4/HG01615.bed.gz	3	173522734	173522884	3	173524150	173524300	paired
55	bed_4/HG01615.bed.gz	3	173522814	173522939	3	173524285	173524435	paired
55	bed_4/HG01615.bed.gz	3	173522816	173522939	3	173524323	173524473	paired
55	bed_4/HG01615.bed.gz	3	173522838	173522939	3	173524102	173524252	paired
55	bed_4/HG01615.bed.gz	3	173522846	173522880	3	173524161	173524311	paired
55	bed_4/HG01615.bed.gz	3	173522874	173522939	3	173524099	173524249	paired
55	bed_4/HG01615.bed.gz	3	173522879	173522934	3	173524118	173524268	paired
55	bed_4/HG01615.bed.gz	3	173522884	173522939	3	173524093	173524240	paired
55	bed_4/HG01615.bed.gz	3	173522900	173522939	3	173524326	173524476	paired
56	bed_4/HG01617.bed.gz	3	173522715	173522865	3	173524179	173524329	paired
56	bed_4/HG01617.bed.gz	3	173522736	173522886	3	173524093	173524239	paired
56	bed_4/HG01617.bed.gz	3	173522844	173522939	3	173524349	173524499	paired
59	bed_4/HG01620.bed.gz	3	173522760	173522910	3	173524096	173524246	paired
59	bed_4/HG01620.bed.gz	3	173522775	173522925	3	173524113	173524263	paired
59	bed_4/HG01620.bed.gz	3	173522787	173522937	3	173524132	173524282	paired
59	bed_4/HG01620.bed.gz	3	173522791	173522941	3	173524108	173524258	paired
59	bed_4/HG01620.bed.gz	3	173522804	173522939	3	173524212	173524362	paired
59	bed_4/HG01620.bed.gz	3	173522855	173522939	3	173524296	173524446	paired
59	bed_4/HG01620.bed.gz	3	173522859	173522939	3	173524216	173524366	paired
59	bed_4/HG01620.bed.gz	3	173522884	173522939	3	173524365	173524515	paired
59	bed_4/HG01620.bed.gz	3	173522885	173522939	3	173524211	173524361	paired
59	bed_4/HG01620.bed.gz	3	173522897	173522939	3	173524481	173524631	paired
67	bed_4/HG01632.bed.gz	3	173522589	173522739	3	173524114	173524264	paired
67	bed_4/HG01632.bed.gz	3	173522763	173522913	3	173524182	173524332	paired
67	bed_4/HG01632.bed.gz	3	173522798	173522939	3	173524119	173524269	paired
67	bed_4/HG01632.bed.gz	3	173522843	173522939	3	173524106	173524256	paired
67	bed_4/HG01632.bed.gz	3	173522855	173522934	3	173524216	173524366	paired
67	bed_4/HG01632.bed.gz	3	173522861	173522939	3	173524117	173524267	paired
67	bed_4/HG01632.bed.gz	3	173522894	173522939	3	173524317	173524467	paired
72	bed_4/HG01673.bed.gz	3	173522876	173522939	3	173524340	173524490	paired
72	bed_4/HG01673.bed.gz	3	173522884	173522939	3	173524308	173524458	paired
107	bed_4/HG02230.bed.gz	3	173522803	173522939	3	173524124	173524274	paired
107	bed_4/HG02230.bed.gz	3	173522807	173522939	3	173524111	173524261	paired
107	bed_4/HG02230.bed.gz	3	173522820	173522939	3	173524115	173524265	paired
107	bed_4/HG02230.bed.gz	3	173522879	173522939	3	173524164	173524314	paired
108	bed_4/HG02232.bed.gz	3	173522654	173522733	3	173524147	173524262	paired
108	bed_4/HG02232.bed.gz	3	173522727	173522877	3	173524199	173524349	paired
108	bed_4/HG02232.bed.gz	3	173522770	173522920	3	173524152	173524302	paired
108	bed_4/HG02232.bed.gz	3	173522791	173522941	3	173524213	173524363	paired
108	bed_4/HG02232.bed.gz	3	173522840	173522938	3	173524191	173524341	paired
108	bed_4/HG02232.bed.gz	3	173522846	173522934	3	173524258	173524408	paired
108	bed_4/HG02232.bed.gz	3	173522854	173522939	3	173524219	173524369	paired
108	bed_4/HG02232.bed.gz	3	173522864	173522939	3	173524158	173524308	paired
108	bed_4/HG02232.bed.gz	3	173522877	173522939	3	173524229	173524379	paired
108	bed_4/HG02232.bed.gz	3	173522889	173522939	3	173524198	173524348	paired
108	bed_4/HG02232.bed.gz	3	173522894	173522939	3	173524177	173524327	paired
116	bed_4/HG02308.bed.gz	3	173522829	173522939	3	173524162	173524312	paired
116	bed_4/HG02308.bed.gz	3	173522899	173522939	3	173524225	173524375	paired
2	bed_5/HG00380.bed.gz	3	173522515	173522665	3	173524180	173524330	paired
2	bed_5/HG00380.bed.gz	3	173522736	173522886	3	173524222	173524372	paired
2	bed_5/HG00380.bed.gz	3	173522739	173522889	3	173524223	173524373	paired
2	bed_5/HG00380.bed.gz	3	173522784	173522934	3	173524122	173524272	paired
2	bed_5/HG00380.bed.gz	3	173522787	173522937	3	173524106	173524256	paired
2	bed_5/HG00380.bed.gz	3	173522865	173522939	3	173524146	173524296	paired
2	bed_5/HG00380.bed.gz	3	173522878	173522939	3	173524222	173524372	paired
2	bed_5/HG00380.bed.gz	3	173522881	173522939	3	173524352	173524502	paired
54	bed_5/HG01589.bed.gz	3	173522649	173522727	3	173524142	173524266	paired
54	bed_5/HG01589.bed.gz	3	173522739	173522889	3	173524300	173524450	paired
54	bed_5/HG01589.bed.gz	3	173522757	173522907	3	173524144	173524294	paired
54	bed_5/HG01589.bed.gz	3	173522824	173522938	3	173524104	173524254	paired
54	bed_5/HG01589.bed.gz	3	173522826	173522939	3	173524120	173524270	paired
54	bed_5/HG01589.bed.gz	3	173522827	173522939	3	173524303	173524453	paired
54	bed_5/HG01589.bed.gz	3	173522837	173522939	3	173524117	173524267	paired
54	bed_5/HG01589.bed.gz	3	173522863	173522939	3	173524131	173524281	paired
54	bed_5/HG01589.bed.gz	3	173522887	173522939	3	173524293	173524443	paired
91	bed_5/HG01980.bed.gz	3	173522833	173522939	3	173524118	173524268	paired
148	bed_5/HG02521.bed.gz	3	173522785	173522935	3	173524121	173524271	paired
148	bed_5/HG02521.bed.gz	3	173522806	173522939	3	173524109	173524259	paired
148	bed_5/HG02521.bed.gz	3	173522831	173522939	3	173524127	173524277	paired
148	bed_5/HG02521.bed.gz	3	173522834	173522939	3	173524142	173524292	paired
148	bed_5/HG02521.bed.gz	3	173522863	173522939	3	173524130	173524280	paired
148	bed_5/HG02521.bed.gz	3	173522878	173522939	3	173524106	173524256	paired
148	bed_5/HG02521.bed.gz	3	173522892	173522939	3	173524149	173524299	paired
168	bed_5/HG02604.bed.gz	3	173522737	173522887	3	173524158	173524308	paired
168	bed_5/HG02604.bed.gz	3	173522761	173522911	3	173524103	173524253	paired
168	bed_5/HG02604.bed.gz	3	173522863	173522939	3	173524147	173524297	paired
168	bed_5/HG02604.bed.gz	3	173522870	173522939	3	173524147	173524297	paired
168	bed_5/HG02604.bed.gz	3	173522878	173522939	3	173524173	173524323	paired
190	bed_5/HG02694.bed.gz	3	173522640	173522727	3	173524133	173524247	paired
190	bed_5/HG02694.bed.gz	3	173522738	173522888	3	173524186	173524336	paired
190	bed_5/HG02694.bed.gz	3	173522801	173522939	3	173524271	173524421	paired
190	bed_5/HG02694.bed.gz	3	173522869	173522934	3	173524103	173524253	paired
190	bed_5/HG02694.bed.gz	3	173522878	173522939	3	173524112	173524262	paired
190	bed_5/HG02694.bed.gz	3	173522892	173522939	3	173524222	173524372	paired
208	bed_5/HG03603.bed.gz	3	173522646	173522727	3	173524188	173524338	paired
208	bed_5/HG03603.bed.gz	3	173522740	173522890	3	173524114	173524264	paired
208	bed_5/HG03603.bed.gz	3	173522761	173522911	3	173524107	173524257	paired
208	bed_5/HG03603.bed.gz	3	173522763	173522913	3	173524131	173524281	paired
208	bed_5/HG03603.bed.gz	3	173522784	173522934	3	173524233	173524383	paired
208	bed_5/HG03603.bed.gz	3	173522801	173522939	3	173524172	173524322	paired
208	bed_5/HG03603.bed.gz	3	173522823	173522939	3	173524143	173524293	paired
208	bed_5/HG03603.bed.gz	3	173522835	173522939	3	173524138	173524288	paired
208	bed_5/HG03603.bed.gz	3	173522840	173522939	3	173524154	173524304	paired
254	bed_5/HG03787.bed.gz	3	173522725	173522875	3	173524114	173524264	paired
254	bed_5/HG03787.bed.gz	3	173522836	173522939	3	173524146	173524296	paired
254	bed_5/HG03787.bed.gz	3	173522901	173522939	3	173524333	173524483	paired
268	bed_5/HG03886.bed.gz	3	173522748	173522898	3	173524172	173524322	paired
268	bed_5/HG03886.bed.gz	3	173522835	173522939	3	173524159	173524309	paired
268	bed_5/HG03886.bed.gz	3	173522893	173522939	3	173524093	173524240	paired
307	bed_5/HG04183.bed.gz	3	173522689	173522733	3	173524180	173524249	paired
307	bed_5/HG04183.bed.gz	3	173522751	173522901	3	173524136	173524286	paired
307	bed_5/HG04183.bed.gz	3	173522819	173522939	3	173524296	173524446	paired
307	bed_5/HG04183.bed.gz	3	173522827	173522939	3	173524147	173524297	paired
307	bed_5/HG04183.bed.gz	3	173522847	173522939	3	173524188	173524338	paired
307	bed_5/HG04183.bed.gz	3	173522875	173522939	3	173524116	173524266	paired
307	bed_5/HG04183.bed.gz	3	173522885	173522939	3	173524093	173524240	paired
63	bed_6/HG01067.bed.gz	3	173522665	173522815	3	173524106	173524233	paired
63	bed_6/HG01067.bed.gz	3	173522759	173522909	3	173524131	173524281	paired
63	bed_6/HG01067.bed.gz	3	173522783	173522933	3	173524167	173524317	paired
63	bed_6/HG01067.bed.gz	3	173522797	173522939	3	173524123	173524273	paired
63	bed_6/HG01067.bed.gz	3	173522836	173522939	3	173524103	173524253	paired
63	bed_6/HG01067.bed.gz	3	173522845	173522939	3	173524111	173524261	paired
127	bed_6/HG01746.bed.gz	3	173522661	173522811	3	173524092	173524242	paired
127	bed_6/HG01746.bed.gz	3	173522781	173522931	3	173524172	173524322	paired
127	bed_6/HG01746.bed.gz	3	173522878	173522939	3	173524182	173524332	paired
127	bed_6/HG01746.bed.gz	3	173522882	173522939	3	173524157	173524307	paired
127	bed_6/HG01746.bed.gz	3	173522893	173522939	3	173524216	173524366	paired
256	bed_6/HG03951.bed.gz	3	173522811	173522939	3	173524300	173524450	paired
256	bed_6/HG03951.bed.gz	3	173522833	173522939	3	173524132	173524282	paired
256	bed_6/HG03951.bed.gz	3	173522862	173522939	3	173524128	173524278	paired
256	bed_6/HG03951.bed.gz	3	173522867	173522937	3	173524298	173524448	paired
256	bed_6/HG03951.bed.gz	3	173522884	173522939	3	173524316	173524466	paired
256	bed_6/HG03951.bed.gz	3	173522899	173522939	3	173524116	173524266	paired
309	bed_6/NA20318.bed.gz	3	173522818	173522939	3	173524115	173524265	paired
309	bed_6/NA20318.bed.gz	3	173522851	173522939	3	173524101	173524251	paired
309	bed_6/NA20318.bed.gz	3	173522856	173522939	3	173524148	173524298	paired
309	bed_6/NA20318.bed.gz	3	173522862	173522939	3	173524219	173524369	paired
7	bed_7/HG00277.bed.gz	3	173522744	173522894	3	173524142	173524292	paired
7	bed_7/HG00277.bed.gz	3	173522767	173522917	3	173524117	173524267	paired
7	bed_7/HG00277.bed.gz	3	173522849	173522939	3	173524159	173524309	paired
7	bed_7/HG00277.bed.gz	3	173522871	173522939	3	173524132	173524282	paired
7	bed_7/HG00277.bed.gz	3	173522895	173522939	3	173524167	173524317	paired
9	bed_7/HG00280.bed.gz	3	173522732	173522882	3	173524108	173524258	paired
9	bed_7/HG00280.bed.gz	3	173522763	173522913	3	173524316	173524466	paired
9	bed_7/HG00280.bed.gz	3	173522766	173522916	3	173524118	173524268	paired
9	bed_7/HG00280.bed.gz	3	173522852	173522939	3	173524229	173524379	paired
87	bed_7/HG01148.bed.gz	3	173522708	173522858	3	173524166	173524316	paired
87	bed_7/HG01148.bed.gz	3	173522734	173522884	3	173524115	173524265	paired
87	bed_7/HG01148.bed.gz	3	173522798	173522939	3	173524102	173524252	paired
87	bed_7/HG01148.bed.gz	3	173522858	173522939	3	173524145	173524295	paired
87	bed_7/HG01148.bed.gz	3	173522862	173522939	3	173524457	173524607	paired
87	bed_7/HG01148.bed.gz	3	173522870	173522939	3	173524112	173524262	paired
87	bed_7/HG01148.bed.gz	3	173522879	173522939	3	173524094	173524244	paired
216	bed_7/HG03085.bed.gz	3	173522348	173522498	3	173524141	173524291	paired
216	bed_7/HG03085.bed.gz	3	173522383	173522533	3	173524115	173524265	paired
216	bed_7/HG03085.bed.gz	3	173522398	173522548	3	173524150	173524300	paired
216	bed_7/HG03085.bed.gz	3	173522416	173522566	3	173524291	173524441	paired
216	bed_7/HG03085.bed.gz	3	173522452	173522602	3	173524147	173524297	paired
216	bed_7/HG03085.bed.gz	3	173522484	173522633	3	173524224	173524374	paired
216	bed_7/HG03085.bed.gz	3	173522509	173522606	3	173524363	173524513	paired
216	bed_7/HG03085.bed.gz	3	173522516	173522665	3	173524311	173524461	paired
216	bed_7/HG03085.bed.gz	3	173522547	173522696	3	173524202	173524352	paired
216	bed_7/HG03085.bed.gz	3	173522561	173522710	3	173524320	173524470	paired
253	bed_7/HG03593.bed.gz	3	173522725	173522875	3	173524102	173524252	paired
253	bed_7/HG03593.bed.gz	3	173522767	173522917	3	173524400	173524550	paired
253	bed_7/HG03593.bed.gz	3	173522831	173522939	3	173524118	173524268	paired
253	bed_7/HG03593.bed.gz	3	173522835	173522939	3	173524172	173524322	paired
253	bed_7/HG03593.bed.gz	3	173522872	173522939	3	173524209	173524359	paired
253	bed_7/HG03593.bed.gz	3	173522876	173522938	3	173524205	173524355	paired
253	bed_7/HG03593.bed.gz	3	173522890	173522939	3	173524164	173524314	paired
257	bed_7/HG03607.bed.gz	3	173522754	173522904	3	173524098	173524241	paired
257	bed_7/HG03607.bed.gz	3	173522805	173522939	3	173524172	173524322	paired
257	bed_7/HG03607.bed.gz	3	173522823	173522939	3	173524112	173524262	paired
257	bed_7/HG03607.bed.gz	3	173522837	173522935	3	173524178	173524328	paired
257	bed_7/HG03607.bed.gz	3	173522838	173522939	3	173524187	173524337	paired
257	bed_7/HG03607.bed.gz	3	173522866	173522934	3	173524202	173524352	paired
257	bed_7/HG03607.bed.gz	3	173522898	173522939	3	173524111	173524261	paired
276	bed_7/HG03736.bed.gz	3	173522806	173522939	3	173524093	173524243	paired
276	bed_7/HG03736.bed.gz	3	173522872	173522939	3	173524123	173524273	paired
276	bed_7/HG03736.bed.gz	3	173522875	173522939	3	173524264	173524414	paired
276	bed_7/HG03736.bed.gz	3	173522880	173522939	3	173524209	173524359	paired
285	bed_7/HG03812.bed.gz	3	173522767	173522917	3	173524137	173524287	paired
285	bed_7/HG03812.bed.gz	3	173522850	173522939	3	173524135	173524285	paired
285	bed_7/HG03812.bed.gz	3	173522862	173522939	3	173524222	173524372	paired
285	bed_7/HG03812.bed.gz	3	173522881	173522939	3	173524226	173524376	paired
285	bed_7/HG03812.bed.gz	3	173522882	173522934	3	173524303	173524453	paired
285	bed_7/HG03812.bed.gz	3	173522887	173522939	3	173524381	173524531	paired
292	bed_7/HG03907.bed.gz	3	173522791	173522941	3	173524102	173524252	paired
292	bed_7/HG03907.bed.gz	3	173522836	173522939	3	173524139	173524289	paired
292	bed_7/HG03907.bed.gz	3	173522839	173522939	3	173524112	173524262	paired
292	bed_7/HG03907.bed.gz	3	173522878	173522939	3	173524109	173524259	paired
292	bed_7/HG03907.bed.gz	3	173522895	173522939	3	173524140	173524290	paired
292	bed_7/HG03907.bed.gz	3	173522900	173522939	3	173524298	173524448	paired
294	bed_7/HG03910.bed.gz	3	173522759	173522909	3	173524160	173524310	paired
294	bed_7/HG03910.bed.gz	3	173522795	173522943	3	173524144	173524294	paired
294	bed_7/HG03910.bed.gz	3	173522853	173522930	3	173524154	173524289	paired
294	bed_7/HG03910.bed.gz	3	173522875	173522939	3	173524177	173524327	paired
297	bed_7/HG03919.bed.gz	3	173522663	173522810	3	173524223	173524373	paired
297	bed_7/HG03919.bed.gz	3	173522670	173522820	3	173524092	173524242	paired
297	bed_7/HG03919.bed.gz	3	173522747	173522897	3	173524116	173524266	paired
297	bed_7/HG03919.bed.gz	3	173522774	173522924	3	173524106	173524256	paired
297	bed_7/HG03919.bed.gz	3	173522775	173522925	3	173524216	173524366	paired
297	bed_7/HG03919.bed.gz	3	173522803	173522939	3	173524166	173524316	paired
297	bed_7/HG03919.bed.gz	3	173522859	173522939	3	173524267	173524417	paired
297	bed_7/HG03919.bed.gz	3	173522865	173522939	3	173524307	173524457	paired
297	bed_7/HG03919.bed.gz	3	173522872	173522939	3	173524122	173524272	paired
297	bed_7/HG03919.bed.gz	3	173522881	173522939	3	173524139	173524289	paired
310	bed_7/NA12830.bed.gz	3	173522690	173522840	3	173524251	173524401	paired
310	bed_7/NA12830.bed.gz	3	173522725	173522875	3	173524191	173524341	paired
310	bed_7/NA12830.bed.gz	3	173522778	173522928	3	173524154	173524304	paired
310	bed_7/NA12830.bed.gz	3	173522793	173522943	3	173524095	173524245	paired
310	bed_7/NA12830.bed.gz	3	173522804	173522939	3	173524181	173524331	paired
310	bed_7/NA12830.bed.gz	3	173522825	173522939	3	173524103	173524253	paired
310	bed_7/NA12830.bed.gz	3	173522837	173522939	3	173524178	173524328	paired
310	bed_7/NA12830.bed.gz	3	173522845	173522939	3	173524131	173524281	paired
310	bed_7/NA12830.bed.gz	3	173522849	173522939	3	173524274	173524424	paired
310	bed_7/NA12830.bed.gz	3	173522863	173522939	3	173524148	173524298	paired
